[gd_scene load_steps=8 format=2]

[ext_resource path="res://Player.tscn" type="PackedScene" id=1]
[ext_resource path="res://Player/Player.gd" type="Script" id=2]
[ext_resource path="res://Terrain.tscn" type="PackedScene" id=3]
[ext_resource path="res://Target/Target.tscn" type="PackedScene" id=4]
[ext_resource path="res://Player/RayCast.gd" type="Script" id=5]

[sub_resource type="SpatialMaterial" id=1]
albedo_color = Color( 1, 0, 0, 1 )
emission_enabled = true
emission = Color( 1, 0, 0, 1 )
emission_energy = 3.0
emission_operator = 0
emission_on_uv2 = false

[sub_resource type="SphereMesh" id=2]
material = SubResource( 1 )
radius = 0.5
height = 1.0

[node name="Game" type="Spatial"]

[node name="Player" parent="." instance=ExtResource( 1 )]
transform = Transform( 1, 0, 0, 0, 1, 0, 0, 0, 1, 0, 0.215616, 0 )
script = ExtResource( 2 )

[node name="Pivot" type="Position3D" parent="Player"]

[node name="Camera" type="Camera" parent="Player/Pivot"]
transform = Transform( -1, 1.51808e-08, -8.60946e-08, 0, 0.984808, 0.173648, 8.74228e-08, 0.173648, -0.984808, 0, 5, -8 )

[node name="RayCast" type="RayCast" parent="Player/Pivot"]
transform = Transform( 1, 0, 0, 0, 1, 0, 0, 0, 1, 0, 3, 0 )
enabled = true
cast_to = Vector3( 0, -1, 100 )
script = ExtResource( 5 )

[node name="Reticule" type="Position3D" parent="Player/Pivot/RayCast"]
transform = Transform( 1, 0, 0, 0, 1, 0, 0, 0, 1, 0, 0, 50 )

[node name="MeshInstance" type="MeshInstance" parent="Player/Pivot/RayCast/Reticule"]
mesh = SubResource( 2 )

[node name="lowpoly_scene" parent="." instance=ExtResource( 3 )]
transform = Transform( 3, 0, 0, 0, 3, 0, 0, 0, 3, 0, 0.254394, 0 )

[node name="Target_container" type="Spatial" parent="."]

[node name="Target" parent="Target_container" instance=ExtResource( 4 )]
transform = Transform( 0.939693, 0, 0.34202, 0, 1, 0, -0.34202, 0, 0.939693, -27, 4, 9 )

[node name="Target2" parent="Target_container" instance=ExtResource( 4 )]
transform = Transform( 0.939693, 0, 0.34202, 0, 1, 0, -0.34202, 0, 0.939693, -45.2366, 4.4457, -29.463 )

[node name="Target3" parent="Target_container" instance=ExtResource( 4 )]
transform = Transform( -0.133485, 0, 0.991051, 0, 1, 0, -0.991051, 0, -0.133485, -54.0326, 6.70548, -5.68722 )

[node name="Target4" parent="Target_container" instance=ExtResource( 4 )]
transform = Transform( -0.869417, 0, -0.494078, 0, 1, 0, 0.494078, 0, -0.869417, 23.2118, 4, -34.7467 )

[node name="Target5" parent="Target_container" instance=ExtResource( 4 )]
transform = Transform( -0.925084, 0, -0.379763, 0, 1, 0, 0.379763, 0, -0.925084, 27.5819, 12.7318, -32.5592 )

[node name="Target6" parent="Target_container" instance=ExtResource( 4 )]
transform = Transform( 0.082582, 0, -0.996584, 0, 1, 0, 0.996584, 0, 0.082582, -4.91249, 6.43425, 8.80448 )

[node name="Target7" parent="Target_container" instance=ExtResource( 4 )]
transform = Transform( 0.429045, 0, 0.903283, 0, 1, 0, -0.903283, 0, 0.429045, -37.5343, 15.8471, 5.87344 )

[node name="Target8" parent="Target_container" instance=ExtResource( 4 )]
transform = Transform( 0.435153, 0, -0.900357, 0, 1, 0, 0.900357, 0, 0.435153, -20.8724, 4, -23.5372 )

[node name="Target9" parent="Target_container" instance=ExtResource( 4 )]
transform = Transform( -0.4641, 0, -0.885783, 0, 1, 0, 0.885783, 0, -0.4641, 41.7089, 4, -10.4126 )

[node name="Target10" parent="Target_container" instance=ExtResource( 4 )]
transform = Transform( 0.75192, 0, -0.659254, 0, 1, 0, 0.659254, 0, 0.75192, -75.7281, 22.8995, -61.878 )
